1998 1 148.37539909
1998 2 56.844293682
1998 3 174.7399201
1998 4 79.946965313
1998 5 22.2325597758
1998 6 15.0683688281
1998 7 11.4826024224
1998 8 13.0818910596
1998 9 1.6049471697
1998 10 2.32260596768
1998 11 7.41653030935
1998 12 27.6519545784
1999 1 117.40468619
1999 2 136.8691744
1999 3 212.194775
1999 4 108.766304
1999 5 168.6559465
1999 6 28.682450995
1999 7 12.5758984896
1999 8 0.855846327067
1999 9 6.4708305439
1999 10 9.019187673
1999 11 44.1479372634
1999 12 81.9688057382
2000 1 155.7027702
2000 2 209.80240109
2000 3 178.87589
2000 4 297.6276
2000 5 93.7523570223
2000 6 71.3448744
2000 7 82.610600987
2000 8 49.867637634
2000 9 48.9516549341
2000 10 1.78711063801
2000 11 8.461373244
2000 12 46.76435357
2001 1 67.861887461
2001 2 93.539406
2001 3 169.12719
2001 4 209.601356
2001 5 26.35911985
2001 6 72.63720308
2001 7 24.762415567
2001 8 8.496210979
2001 9 2.608195513
2001 10 8.9149449849
2001 11 3.801337002
2001 12 41.780433563
2002 1 291.92006
2002 2 95.3925831
2002 3 173.7952368
2002 4 205.154715
2002 5 117.7608455
2002 6 68.0376025
2002 7 37.0089007424
2002 8 6.13576239396
2002 9 8.488432426
2002 10 2.07583891872
2002 11 7.247986305
2002 12 16.229526316
2003 1 99.10978445
2003 2 196.6733399
2003 3 279.012826
2003 4 173.287739
2003 5 93.937219
2003 6 76.16535426
2003 7 8.357789513
2003 8 9.75028602973
2003 9 2.293909465
2003 10 2.501590694
2003 11 12.524939756
2003 12 37.93927168
2004 1 446.356304844
2004 2 263.073533
2004 3 162.965104606
2004 4 112.9482028
2004 5 60.81798226
2004 6 99.143154842
2004 7 44.3667309698
2004 8 3.872960202
2004 9 5.249498684
2004 10 2.1533653
2004 11 7.42145786
2004 12 16.3436843997
2005 1 68.7125116394
2005 2 58.1581415
2005 3 201.846780575
2005 4 98.869855
2005 5 119.871718
2005 6 44.9759799
2005 7 9.37782414376
2005 8 4.89705341384
2005 9 0.586532309563
2005 10 2.07095556276
2005 11 1.6994245688
2005 12 49.6488743401
2006 1 25.9584394255
2006 2 147.8857293
2006 3 197.254046
2006 4 223.40824
2006 5 154.917122
2006 6 66.31035399
2006 7 9.50588375665
2006 8 5.59550348124
2006 9 2.48293973423
2006 10 8.9187620439
2006 11 7.03163929931
2006 12 29.217272765
2007 1 34.2177010698
2007 2 273.767395
2007 3 156.365408
2007 4 176.391645
2007 5 68.6704186094
2007 6 37.49404076
2007 7 9.13050294528
2007 8 51.14223221
2007 9 71.19910091
2007 10 31.57985844
2007 11 6.07848134499
2007 12 55.18292615
2008 1 139.245804
2008 2 127.8115681
2008 3 350.61845
2008 4 247.3803204
2008 5 129.056641
2008 6 36.51929749
2008 7 26.9368709434
2008 8 27.37460256
2008 9 0.876475052208
2008 10 2.79365893318
2008 11 3.70502760293
2008 12 19.8914552957
2009 1 114.65665266
2009 2 154.2105041
2009 3 219.50041
2009 4 390.61206
2009 5 261.57939
2009 6 79.4577685
2009 7 56.24535982
2009 8 34.7931698025
2009 9 5.5871167391
2009 10 3.24936880679
2009 11 9.01494901025
2009 12 16.3917789
2010 1 107.99206366
2010 2 36.34456929
2010 3 85.23638674
2010 4 173.836278
2010 5 52.8133117
2010 6 35.5459927841
2010 7 11.1398261596
2010 8 3.18856777433
2010 9 4.51253901962
2010 10 53.5743373724
2010 11 4.30004524844
2010 12 112.125866304
2011 1 237.0493672
2011 2 192.743767
2011 3 173.589719
2011 4 214.293234
2011 5 135.525262618
2011 6 38.5058916412
2011 7 52.7612607225
2011 8 23.17922828
2011 9 0.96113844301
2011 10 52.0662162541
2011 11 16.5151810694
2011 12 15.516351103
2012 1 72.9732343218
2012 2 147.443322018
2012 3 117.4473681
2012 4 68.89267902
2012 5 23.8741897183
2012 6 36.0886454975
2012 7 6.88696494131
2012 8 1.18603697205
2012 9 2.4145226509
2012 10 5.04176226427
2012 11 4.88025803987
2012 12 7.737721013
2013 1 51.505750364
2013 2 65.045128177
2013 3 72.2927579614
2013 4 123.4590779
2013 5 94.00793005
2013 6 71.4908635729
2013 7 43.931186526
2013 8 3.95358221167
2013 9 2.41113026249
2013 10 11.0884462399
2013 11 27.9108867603
2013 12 28.0545826928
2014 1 65.2578847
2014 2 85.0121012
2014 3 152.6409511
2014 4 138.7693108
2014 5 83.11974749
2014 6 18.0461095613
2014 7 19.0936081554
2014 8 1.7622240008
2014 9 5.82731957727
2014 10 20.2659332379
2014 11 29.7630149421
2014 12 17.8232823516
2015 1 34.9142400741
2015 2 103.191612604
2015 3 201.714718
2015 4 128.147867
2015 5 55.462135666
2015 6 54.3447617712
2015 7 50.6560529801
2015 8 2.65397865418
2015 9 1.94360609904
2015 10 1.21776663465
2015 11 0.977489739217
2015 12 23.9396876709
2016 1 202.549495
2016 2 59.620002
2016 3 136.400110244
2016 4 104.7987381
2016 5 47.81063195
2016 6 22.98812812
2016 7 4.014685997
2016 8 0.621150438
2016 9 2.80462705
2016 10 2.28685588
2016 11 2.74586594
2016 12 28.87077859
2017 1 76.10715773
2017 2 168.02788875
2017 3 215.09172
2017 4 133.3374213
2017 5 82.51715548
2017 6 33.29842386
2017 7 35.322314924
2017 8 3.72120134
2017 9 3.63231936732
2017 10 7.61230696824
2017 11 9.94600829
2017 12 30.5964980128
2018 1 85.8828042
2018 2 200.9009036
2018 3 142.591793
2018 4 221.116538
2018 5 64.832697634
2018 6 6.54984119284
2018 7 17.924615682
2018 8 8.06968860794
2018 9 1.244938864
2018 10 7.543277505
2018 11 20.831476256
2018 12 105.46117481
2019 1 133.3163716
2019 2 190.79475
2019 3 228.81879
2019 4 38.00193
